5.261 8.639
5.094 8.374
5.291 8.118
4.825 8.258
5.175 8.533
5.163 8.491
4.807 8.751
5.278 8.223
5.167 9.064
4.851 8.996
4.718 8.299
4.771 8.151
5.101 8.981
5.274 8.584
4.907 8.860
4.892 8.574
5.249 8.425
4.876 8.573
5.071 8.780
5.287 8.204
5.181 8.564
5.079 9.123
5.060 8.756
4.747 8.197
4.872 8.500
4.954 8.737
4.995 8.917
5.117 8.610
4.960 8.738
4.733 8.087
4.896 8.497
4.749 7.933
4.943 9.170
4.726 7.869
5.259 8.433
4.963 8.817
4.969 8.950
4.872 8.356
5.004 9.151
4.870 8.811
4.925 8.679
4.920 8.301
5.234 8.258
5.042 8.545
5.262 8.581
5.203 8.430
5.187 8.133
5.271 8.190
5.141 8.580
4.825 8.911
5.292 8.299
4.718 8.332
5.122 8.701
4.976 8.777
5.000 8.668
5.085 8.564
5.298 8.351
4.966 8.759
4.818 7.964
5.244 8.519
5.206 8.583
5.023 8.531
5.050 8.916
4.943 8.084
5.081 8.273
5.233 8.389
4.958 8.896
4.780 8.377
5.089 8.853
4.759 8.828
5.069 8.825
5.178 8.314
5.145 8.320
4.819 9.040
5.253 8.278
5.113 8.768
5.265 8.378
5.188 8.371
5.011 8.862
4.754 8.280
5.212 8.552
5.121 8.879
5.214 8.770
5.287 8.161
4.851 9.177
5.008 8.773
5.237 8.474
4.749 8.550
4.856 8.712
5.091 8.127
4.771 8.165
5.132 8.976
4.840 8.628
5.068 8.518
4.977 9.049
4.836 8.363
4.904 8.569
4.835 8.858
5.280 8.381
5.185 8.570
5.261 7.945
5.094 7.044
5.291 7.775
4.825 7.122
5.175 7.396
5.163 7.316
4.807 7.680
5.278 7.702
5.167 7.902
4.851 7.782
4.718 7.821
4.771 7.247
5.101 7.663
5.274 8.016
4.907 7.529
4.892 7.267
5.249 7.647
4.876 7.299
5.071 7.420
5.287 7.798
5.181 7.448
5.079 7.773
5.060 7.384
4.747 7.445
4.872 7.234
4.954 7.354
4.995 7.517
5.117 7.321
4.960 7.351
4.733 7.449
4.896 7.184
4.749 7.165
4.943 7.795
4.726 7.296
5.259 7.727
4.963 7.428
4.969 7.558
4.872 7.090
5.004 7.751
4.870 7.550
4.925 7.324
4.920 6.952
5.234 7.380
5.042 7.159
5.262 7.901
5.203 7.401
5.187 7.039
5.271 7.592
5.141 7.345
4.825 7.773
5.292 7.971
4.718 7.858
5.122 7.422
4.976 7.382
5.000 7.268
5.085 7.222
5.298 8.192
4.966 7.368
4.818 6.852
5.244 7.707
5.206 7.566
5.023 7.135
5.050 7.536
4.943 6.710
5.081 6.925
5.233 7.509
4.958 7.509
4.780 7.425
5.089 7.517
4.759 7.994
5.069 7.462
5.178 7.185
5.145 7.095
4.819 7.923
5.253 7.523
5.113 7.471
5.265 7.718
5.188 7.281
5.011 7.463
4.754 7.480
5.212 7.562
5.121 7.598
5.214 7.788
5.287 7.748
4.851 7.961
5.008 7.374
5.237 7.616
4.749 7.784
4.856 7.482
5.091 6.792
4.771 7.261
5.132 7.719
4.840 7.445
5.068 7.155
4.977 7.653
4.836 7.191
4.904 7.242
4.835 7.689
5.280 7.883
5.185 7.468
